image: env_5cm.pgm
resolution: 0.050000
origin: [-15.907712, -11.103288, 0.000000]
negate: 0
occupied_thresh: 0.65
free_thresh: 0.196

